x, y, yaw, vel, accel, jerk, curvature, time, wheels
0.000000,0.000000,0.000000,0.000000,1.000000,0.000000,0.000000,0.000000,0.000000,0.000000
0.059860,0.000185,0.009168,0.100000,1.000000,0.000000,0.011299,0.100000,0.099741,0.100259
0.118927,0.001418,0.035382,0.200000,1.000000,0.000000,0.045197,0.200000,0.197930,0.202070
0.176538,0.004591,0.077445,0.300000,1.000000,0.000000,0.101693,0.300000,0.293014,0.306986
0.232159,0.010434,0.134683,0.398378,0.969951,0.000000,0.180786,0.400000,0.381885,0.414871
0.285381,0.019524,0.206403,0.495048,0.941951,0.000000,0.283359,0.500000,0.462925,0.527171
0.335907,0.032297,0.291356,0.589135,0.913467,0.000000,0.420327,0.600000,0.532428,0.645842
0.383548,0.049058,0.387259,0.680026,0.882791,0.000000,0.616942,0.700000,0.583952,0.776100
0.428209,0.069991,0.490546,0.766989,0.848791,0.000000,0.915461,0.800000,0.606197,0.927781
0.469885,0.095171,0.596566,0.759280,-0.725813,0.000000,1.369239,0.900000,0.521204,0.997357
0.508649,0.124569,0.700263,0.688870,-0.682367,0.000000,1.967549,1.000000,0.378487,0.999254
0.544643,0.158069,0.797077,0.627656,-0.522323,0.000000,2.597194,1.100000,0.254353,1.000959
0.578072,0.195476,0.883640,0.590263,-0.094877,0.000000,3.031374,1.200000,0.180512,1.000015
0.609194,0.236523,0.958015,0.592903,0.162654,0.000000,2.998802,1.300000,0.185741,1.000065
0.638309,0.280885,1.019514,0.637880,0.619197,0.000000,2.473836,1.400000,0.276516,0.999244
0.665755,0.328189,1.068312,0.703485,0.702294,0.000000,1.687236,1.500000,0.431675,0.975296
0.691893,0.378023,1.105066,0.778128,0.809862,0.000000,0.918657,1.600000,0.614431,0.941824
0.717104,0.429948,1.130626,0.863581,0.920253,0.000000,0.299374,1.700000,0.804377,0.922786
0.741776,0.483504,1.145865,0.940206,-0.023022,0.000000,-0.169274,1.800000,0.976652,0.903760
0.766299,0.538226,1.151596,0.898896,-0.460501,0.000000,-0.492437,1.900000,1.000263,0.797529
0.791052,0.593653,1.148548,0.862708,-0.239830,0.000000,-0.695303,2.000000,1.000072,0.725344
0.816399,0.649333,1.137391,0.843662,-0.154440,0.000000,-0.809223,2.100000,1.000002,0.687321
0.842675,0.704842,1.118785,0.838445,-0.009258,0.000000,-0.841417,2.200000,1.000000,0.676890
0.870182,0.759786,1.093439,0.843228,0.111858,0.000000,-0.811967,2.300000,1.000019,0.686438
0.899177,0.813817,1.062196,0.816726,-0.632688,0.000000,-0.729393,2.400000,0.953144,0.680307
0.929863,0.866640,1.026103,0.732995,-0.890393,0.000000,-0.618913,2.500000,0.836883,0.629107
0.962385,0.918027,0.986485,0.643322,-0.910799,0.000000,-0.498992,2.600000,0.716834,0.569811
0.996816,0.967821,0.944990,0.551307,-0.934992,0.000000,-0.381373,2.700000,0.599455,0.503159
1.033148,1.015953,0.903602,0.456977,-0.964046,0.000000,-0.271802,2.800000,0.485420,0.428533
1.071288,1.062450,0.864621,0.360572,-0.964046,0.000000,-0.175268,2.900000,0.375044,0.346100
1.111046,1.107443,0.830613,0.261106,-1.000000,0.000000,-0.092619,3.000000,0.266644,0.255569
1.152125,1.151180,0.804363,0.161106,-1.000000,0.000000,-0.035261,3.100000,0.162407,0.159806
1.194115,1.194034,0.788847,0.061106,-1.000000,0.000000,-0.005073,3.200000,0.061177,0.061036
1.220000,1.220000,0.786000,0.000000,1.000000,0.000000,0.000000,3.261106,0.000000,0.000000
1.248133,1.248349,0.795517,0.100000,1.000000,0.000000,0.030911,3.361106,0.099292,0.100708
1.275518,1.276955,0.821322,0.200000,1.000000,0.000000,0.123642,3.461106,0.194337,0.205663
1.301569,1.305995,0.859848,0.299067,0.946512,0.000000,0.275876,3.561106,0.280173,0.317960
1.325864,1.335571,0.907877,0.393687,0.902272,0.000000,0.474542,3.661106,0.350905,0.436470
1.348129,1.365712,0.962233,0.483451,0.862475,0.000000,0.730966,3.761106,0.402526,0.564377
1.368226,1.396382,1.019667,0.568272,0.824615,0.000000,1.073254,3.861106,0.428605,0.707940
1.386141,1.427494,1.076890,0.647345,0.750868,0.000000,1.549781,3.961106,0.417602,0.877087
1.401967,1.458907,1.130707,0.660938,-0.650368,0.000000,2.193306,4.061106,0.328971,0.992906
1.415891,1.490443,1.178157,0.598573,-0.604506,0.000000,2.804640,4.161106,0.214132,0.983014
1.428184,1.521890,1.216592,0.539320,-0.596770,0.000000,3.033035,4.261106,0.164727,0.913912
1.439181,1.553009,1.243656,0.477786,-0.651751,0.000000,2.551702,4.361106,0.198597,0.756975
1.449273,1.583543,1.257179,0.405240,-0.807847,0.000000,1.275064,4.461106,0.286914,0.523566
1.458889,1.613227,1.255020,0.317134,-0.765371,0.000000,-0.966630,4.561106,0.387334,0.246934
1.468486,1.641788,1.234925,0.261649,-0.425454,0.000000,-4.786028,4.661106,0.548417,-0.025118
1.478533,1.668961,1.194496,0.228827,-0.245826,0.000000,-10.915502,4.761106,0.800815,-0.343161
1.489498,1.694492,1.131420,0.207761,-0.090170,0.000000,-16.654341,4.861106,1.000129,-0.584607
1.501832,1.718144,1.044157,0.213801,0.203369,0.000000,-15.011698,4.961106,0.948781,-0.521178
1.515961,1.739710,0.933234,0.238244,0.286456,0.000000,-9.314268,5.061106,0.746410,-0.269923
1.532265,1.759016,0.802822,0.272348,0.370379,0.000000,-5.019855,5.161106,0.585425,-0.040729
1.551071,1.775928,0.661444,0.321945,0.575878,0.000000,-2.824674,5.261106,0.530195,0.113695
1.572634,1.790365,0.520393,0.384894,0.671871,0.000000,-1.582798,5.361106,0.524403,0.245385
1.597128,1.802300,0.390221,0.460140,0.817145,0.000000,-0.900533,5.461106,0.555031,0.365249
1.624626,1.811771,0.277796,0.535100,0.684303,0.000000,-0.505637,5.561106,0.597060,0.473140
1.655094,1.818888,0.185764,0.464108,-0.958835,0.000000,-0.282307,5.661106,0.494112,0.434105
1.688371,1.823842,0.113856,0.367627,-0.979719,0.000000,-0.160428,5.761106,0.381133,0.354121
1.724159,1.826908,0.060545,0.269391,-1.000000,0.000000,-0.082251,5.861106,0.274465,0.264317
1.762007,1.828456,0.024268,0.169391,-1.000000,0.000000,-0.032521,5.961106,0.170653,0.168130
1.801299,1.828961,0.004200,0.069391,-1.000000,0.000000,-0.005457,6.061106,0.069478,0.069305
1.829000,1.829000,0.000000,0.000000,1.000000,0.000000,0.000000,6.130498,0.000000,0.000000
1.879105,1.829003,0.000237,0.100000,1.000000,0.000000,-0.006232,6.230498,0.100143,0.099857
1.929787,1.829040,0.001428,0.200000,1.000000,0.000000,-0.024926,6.330498,0.201142,0.198858
1.981471,1.829178,0.004176,0.300000,1.000000,0.000000,-0.056084,6.430498,0.303853,0.296147
2.034434,1.829515,0.008923,0.398821,0.985930,0.000000,-0.089404,6.530498,0.406987,0.390656
2.088813,1.830183,0.015989,0.496891,0.975964,0.000000,-0.122122,6.630498,0.510787,0.482995
2.144620,1.831332,0.025617,0.594159,0.969579,0.000000,-0.145867,6.730498,0.614006,0.574312
2.201757,1.833139,0.038026,0.690903,0.966337,0.000000,-0.153942,6.830498,0.715259,0.666546
2.260027,1.835792,0.053449,0.787544,0.967985,0.000000,-0.136961,6.930498,0.812244,0.762843
2.319146,1.839494,0.072162,0.884634,0.979261,0.000000,-0.090267,7.030498,0.902920,0.866348
2.378761,1.844455,0.094517,0.983012,0.988456,0.000000,-0.000207,7.130498,0.983058,0.982965
2.438457,1.850890,0.120960,0.967709,-0.403783,0.000000,0.145837,7.230498,0.935391,1.000027
2.497775,1.859012,0.152055,0.923033,-0.626498,0.000000,0.361742,7.330498,0.846570,0.999496
2.556223,1.869030,0.188505,0.846414,-0.839473,0.000000,0.677361,7.430498,0.715122,0.977706
2.613288,1.881146,0.231166,0.765061,-0.762792,0.000000,1.129090,7.530498,0.567245,0.962876
2.668452,1.895547,0.281055,0.691639,-0.676717,0.000000,1.756531,7.630498,0.413430,0.969848
2.721205,1.912404,0.339334,0.626460,-0.596841,0.000000,2.544171,7.730498,0.261475,0.991445
2.771054,1.931866,0.407244,0.568732,-0.558007,0.000000,3.313457,7.830498,0.137189,1.000276
2.817541,1.954059,0.485962,0.540970,-0.136014,0.000000,3.705877,7.930498,0.081878,1.000062
2.860255,1.979077,0.576328,0.552930,0.321770,0.000000,3.534003,8.030498,0.105451,1.000408
2.898842,2.006983,0.678430,0.599953,0.591833,0.000000,2.905760,8.130498,0.200733,0.999172
2.933022,2.037798,0.791076,0.661420,0.671554,0.000000,2.116951,8.230498,0.340776,0.982064
2.962601,2.071507,0.911365,0.730665,0.715631,0.000000,1.436836,8.330498,0.490250,0.971079
2.987484,2.108044,1.034652,0.693874,-0.837746,0.000000,0.950694,8.430498,0.542812,0.844937
3.007688,2.147294,1.155155,0.607514,-0.904625,0.000000,0.634228,8.530498,0.519280,0.695748
3.023353,2.189090,1.267045,0.516452,-0.935383,0.000000,0.426811,8.630498,0.465974,0.566930
3.034761,2.233204,1.365471,0.422284,-0.966365,0.000000,0.275064,8.730498,0.395685,0.448884
3.042343,2.279345,1.447008,0.325648,-0.966365,0.000000,0.161752,8.830498,0.313585,0.337710
3.046695,2.327158,1.509443,0.225986,-1.000000,0.000000,0.077760,8.930498,0.221961,0.230010
3.048592,2.376213,1.551118,0.125986,-1.000000,0.000000,0.024168,9.030498,0.125288,0.126683

